{
 "cells": [
  {
   "cell_type": "markdown",
   "metadata": {},
   "source": [
    "#  IN3050/IN4050 Mandatory Assignment 1: Traveling Salesman Problem\n"
   ]
  },
  {
   "cell_type": "markdown",
   "metadata": {},
   "source": [
    "## Rules\n",
    "Before you begin the exercise, review the rules at this website:\n",
    "https://www.uio.no/english/studies/examinations/compulsory-activities/mn-ifi-mandatory.html\n",
    "(This is an individual assignment. You are not allowed to deliver together or copy/share source-code/answers\n",
    "with others.)\n",
    "\n",
    "## Delivering\n",
    "**Deadline**: *Friday, February 21, 2020*\n",
    "\n",
    "## What to deliver?\n",
    "Deliver one single zipped folder (.zip, .tgz or .tar.gz) which includes:\n",
    "* PDF report containing:\n",
    "    * Your name and username (!)\n",
    "    * Instructions on how to run your program.\n",
    "    * Answers to all questions from assignment.\n",
    "    * Brief explanation of what you’ve done.\n",
    "    * *Your PDF may be generated by exporting your Jupyter Notebook to PDF, if you have answered all questions in your notebook*\n",
    "* Source code\n",
    "    * Source code may be delivered as jupyter notebooks or python files (.py)\n",
    "* The european cities file so the program will run right away.\n",
    "* Any files needed for the group teacher to easily run your program on IFI linux machines.\n",
    "\n",
    "**Important**: if you weren’t able to finish the assignment, use the PDF report to elaborate on what you’ve tried\n",
    "and what problems you encountered. Students who have made an effort and attempted all parts of the assignment\n",
    "will get a second chance even if they fail initially. This exercise will be graded PASS/FAIL."
   ]
  },
  {
   "cell_type": "markdown",
   "metadata": {},
   "source": [
    "# Gustav Lillesæter (gustavli)\n",
    "\n",
    "## How to run\n",
    "Run with jupyter notebook\n"
   ]
  },
  {
   "cell_type": "markdown",
   "metadata": {},
   "source": [
    "## Introduction\n",
    "In this exercise, you will attempt to solve an instance of the traveling salesman problem (TSP) using different\n",
    "methods. The goal is to become familiar with evolutionary algorithms and to appreciate their effectiveness on a\n",
    "difficult search problem. You may use whichever programming language you like, but we strongly suggest that\n",
    "you try to use Python, since you will be required to write the second assignment in Python. You must write\n",
    "your program from scratch (but you may use non-EA-related libraries).\n",
    "\n",
    "\n",
    "|  &nbsp;   | Barcelona | Belgrade |  Berlin | Brussels | Bucharest | Budapest |\n",
    "|:---------:|:---------:|:--------:|:-------:|:--------:|:---------:|:--------:|\n",
    "| Barcelona |     0     |  1528.13 | 1497.61 |  1062.89 |  1968.42  |  1498.79 |\n",
    "|  Belgrade |  1528.13  |     0    |  999.25 |  1372.59 |   447.34  |  316.41  |\n",
    "|   Berlin  |  1497.61  |  999.25  |    0    |  651.62  |  1293.40  |  1293.40 |\n",
    "|  Brussels |  1062.89  |  1372.59 |  651.62 |     0    |  1769.69  |  1131.52 |\n",
    "| Bucharest |  1968.42  |  447.34  | 1293.40 |  1769.69 |     0     |  639.77  |\n",
    "|  Budapest |  1498.79  |  316.41  | 1293.40 |  1131.52 |   639.77  |     0    |\n",
    "\n",
    "\n",
    "<center>Figure 1: First 6 cities from csv file.</center>\n"
   ]
  },
  {
   "cell_type": "markdown",
   "metadata": {},
   "source": [
    "## Problem\n",
    "The traveling salesman, wishing to disturb the residents of the major cities in some region of the world in\n",
    "the shortest time possible, is faced with the problem of finding the shortest tour among the cities. A tour\n",
    "is a path that starts in one city, visits all of the other cities, and then returns to the starting point. The\n",
    "relevant pieces of information, then, are the cities and the distances between them. In this instance of the\n",
    "TSP, a number of European cities are to be visited. Their relative distances are given in the data file, *european_cities.csv*, found in the zip file with the mandatory assignment.\n",
    "\n",
    "(You will use permutations to represent tours in your programs. If you use Python, the **itertools** module provides\n",
    "a permutations function that returns successive permutations, this is useful for exhaustive search)"
   ]
  },
  {
   "cell_type": "markdown",
   "metadata": {},
   "source": [
    "## Exhaustive Search\n",
    "First, try to solve the problem by inspecting every possible tour. Start by writing a program to find the shortest\n",
    "tour among a subset of the cities (say, **6** of them). Measure the amount of time your program takes. Incrementally\n",
    "add more cities and observe how the time increases."
   ]
  },
  {
   "cell_type": "code",
   "execution_count": 4,
   "metadata": {},
   "outputs": [
    {
     "name": "stdout",
     "output_type": "stream",
     "text": [
      "-----------\n",
      "running exhaustive search for size =  5\n"
     ]
    },
    {
     "data": {
      "text/html": [
       "<div>\n",
       "<style scoped>\n",
       "    .dataframe tbody tr th:only-of-type {\n",
       "        vertical-align: middle;\n",
       "    }\n",
       "\n",
       "    .dataframe tbody tr th {\n",
       "        vertical-align: top;\n",
       "    }\n",
       "\n",
       "    .dataframe thead th {\n",
       "        text-align: right;\n",
       "    }\n",
       "</style>\n",
       "<table border=\"1\" class=\"dataframe\">\n",
       "  <thead>\n",
       "    <tr style=\"text-align: right;\">\n",
       "      <th></th>\n",
       "      <th>Barcelona</th>\n",
       "      <th>Belgrade</th>\n",
       "      <th>Berlin</th>\n",
       "      <th>Brussels</th>\n",
       "      <th>Bucharest</th>\n",
       "    </tr>\n",
       "  </thead>\n",
       "  <tbody>\n",
       "    <tr>\n",
       "      <th>0</th>\n",
       "      <td>0.00</td>\n",
       "      <td>1528.13</td>\n",
       "      <td>1497.61</td>\n",
       "      <td>1062.89</td>\n",
       "      <td>1968.42</td>\n",
       "    </tr>\n",
       "    <tr>\n",
       "      <th>1</th>\n",
       "      <td>1528.13</td>\n",
       "      <td>0.00</td>\n",
       "      <td>999.25</td>\n",
       "      <td>1372.59</td>\n",
       "      <td>447.34</td>\n",
       "    </tr>\n",
       "    <tr>\n",
       "      <th>2</th>\n",
       "      <td>1497.61</td>\n",
       "      <td>999.25</td>\n",
       "      <td>0.00</td>\n",
       "      <td>651.62</td>\n",
       "      <td>1293.40</td>\n",
       "    </tr>\n",
       "    <tr>\n",
       "      <th>3</th>\n",
       "      <td>1062.89</td>\n",
       "      <td>1372.59</td>\n",
       "      <td>651.62</td>\n",
       "      <td>0.00</td>\n",
       "      <td>1769.69</td>\n",
       "    </tr>\n",
       "    <tr>\n",
       "      <th>4</th>\n",
       "      <td>1968.42</td>\n",
       "      <td>447.34</td>\n",
       "      <td>1293.40</td>\n",
       "      <td>1769.69</td>\n",
       "      <td>0.00</td>\n",
       "    </tr>\n",
       "  </tbody>\n",
       "</table>\n",
       "</div>"
      ],
      "text/plain": [
       "   Barcelona  Belgrade   Berlin  Brussels  Bucharest\n",
       "0       0.00   1528.13  1497.61   1062.89    1968.42\n",
       "1    1528.13      0.00   999.25   1372.59     447.34\n",
       "2    1497.61    999.25     0.00    651.62    1293.40\n",
       "3    1062.89   1372.59   651.62      0.00    1769.69\n",
       "4    1968.42    447.34  1293.40   1769.69       0.00"
      ]
     },
     "metadata": {},
     "output_type": "display_data"
    },
    {
     "name": "stdout",
     "output_type": "stream",
     "text": [
      "progress: 0%\r",
      "progress: 83%\r",
      "route:  Barcelona -> Belgrade -> Bucharest -> Berlin -> Brussels -> Barcelona\n",
      "results from exhaustive with size 5 = 4983.380000, took 0.073748 seconds\n",
      "-----------\n",
      "running exhaustive search for size =  6\n"
     ]
    },
    {
     "data": {
      "text/html": [
       "<div>\n",
       "<style scoped>\n",
       "    .dataframe tbody tr th:only-of-type {\n",
       "        vertical-align: middle;\n",
       "    }\n",
       "\n",
       "    .dataframe tbody tr th {\n",
       "        vertical-align: top;\n",
       "    }\n",
       "\n",
       "    .dataframe thead th {\n",
       "        text-align: right;\n",
       "    }\n",
       "</style>\n",
       "<table border=\"1\" class=\"dataframe\">\n",
       "  <thead>\n",
       "    <tr style=\"text-align: right;\">\n",
       "      <th></th>\n",
       "      <th>Barcelona</th>\n",
       "      <th>Belgrade</th>\n",
       "      <th>Berlin</th>\n",
       "      <th>Brussels</th>\n",
       "      <th>Bucharest</th>\n",
       "      <th>Budapest</th>\n",
       "    </tr>\n",
       "  </thead>\n",
       "  <tbody>\n",
       "    <tr>\n",
       "      <th>0</th>\n",
       "      <td>0.00</td>\n",
       "      <td>1528.13</td>\n",
       "      <td>1497.61</td>\n",
       "      <td>1062.89</td>\n",
       "      <td>1968.42</td>\n",
       "      <td>1498.79</td>\n",
       "    </tr>\n",
       "    <tr>\n",
       "      <th>1</th>\n",
       "      <td>1528.13</td>\n",
       "      <td>0.00</td>\n",
       "      <td>999.25</td>\n",
       "      <td>1372.59</td>\n",
       "      <td>447.34</td>\n",
       "      <td>316.41</td>\n",
       "    </tr>\n",
       "    <tr>\n",
       "      <th>2</th>\n",
       "      <td>1497.61</td>\n",
       "      <td>999.25</td>\n",
       "      <td>0.00</td>\n",
       "      <td>651.62</td>\n",
       "      <td>1293.40</td>\n",
       "      <td>689.06</td>\n",
       "    </tr>\n",
       "    <tr>\n",
       "      <th>3</th>\n",
       "      <td>1062.89</td>\n",
       "      <td>1372.59</td>\n",
       "      <td>651.62</td>\n",
       "      <td>0.00</td>\n",
       "      <td>1769.69</td>\n",
       "      <td>1131.52</td>\n",
       "    </tr>\n",
       "    <tr>\n",
       "      <th>4</th>\n",
       "      <td>1968.42</td>\n",
       "      <td>447.34</td>\n",
       "      <td>1293.40</td>\n",
       "      <td>1769.69</td>\n",
       "      <td>0.00</td>\n",
       "      <td>639.77</td>\n",
       "    </tr>\n",
       "    <tr>\n",
       "      <th>5</th>\n",
       "      <td>1498.79</td>\n",
       "      <td>316.41</td>\n",
       "      <td>689.06</td>\n",
       "      <td>1131.52</td>\n",
       "      <td>639.77</td>\n",
       "      <td>0.00</td>\n",
       "    </tr>\n",
       "  </tbody>\n",
       "</table>\n",
       "</div>"
      ],
      "text/plain": [
       "   Barcelona  Belgrade   Berlin  Brussels  Bucharest  Budapest\n",
       "0       0.00   1528.13  1497.61   1062.89    1968.42   1498.79\n",
       "1    1528.13      0.00   999.25   1372.59     447.34    316.41\n",
       "2    1497.61    999.25     0.00    651.62    1293.40    689.06\n",
       "3    1062.89   1372.59   651.62      0.00    1769.69   1131.52\n",
       "4    1968.42    447.34  1293.40   1769.69       0.00    639.77\n",
       "5    1498.79    316.41   689.06   1131.52     639.77      0.00"
      ]
     },
     "metadata": {},
     "output_type": "display_data"
    },
    {
     "name": "stdout",
     "output_type": "stream",
     "text": [
      "route:  Barcelona -> Belgrade -> Bucharest -> Budapest -> Berlin -> Brussels -> Barcelona\n",
      "results from exhaustive with size 6 = 5018.810000, took 0.448187 seconds\n",
      "-----------\n",
      "running exhaustive search for size =  7\n"
     ]
    },
    {
     "data": {
      "text/html": [
       "<div>\n",
       "<style scoped>\n",
       "    .dataframe tbody tr th:only-of-type {\n",
       "        vertical-align: middle;\n",
       "    }\n",
       "\n",
       "    .dataframe tbody tr th {\n",
       "        vertical-align: top;\n",
       "    }\n",
       "\n",
       "    .dataframe thead th {\n",
       "        text-align: right;\n",
       "    }\n",
       "</style>\n",
       "<table border=\"1\" class=\"dataframe\">\n",
       "  <thead>\n",
       "    <tr style=\"text-align: right;\">\n",
       "      <th></th>\n",
       "      <th>Barcelona</th>\n",
       "      <th>Belgrade</th>\n",
       "      <th>Berlin</th>\n",
       "      <th>Brussels</th>\n",
       "      <th>Bucharest</th>\n",
       "      <th>Budapest</th>\n",
       "      <th>Copenhagen</th>\n",
       "    </tr>\n",
       "  </thead>\n",
       "  <tbody>\n",
       "    <tr>\n",
       "      <th>0</th>\n",
       "      <td>0.00</td>\n",
       "      <td>1528.13</td>\n",
       "      <td>1497.61</td>\n",
       "      <td>1062.89</td>\n",
       "      <td>1968.42</td>\n",
       "      <td>1498.79</td>\n",
       "      <td>1757.54</td>\n",
       "    </tr>\n",
       "    <tr>\n",
       "      <th>1</th>\n",
       "      <td>1528.13</td>\n",
       "      <td>0.00</td>\n",
       "      <td>999.25</td>\n",
       "      <td>1372.59</td>\n",
       "      <td>447.34</td>\n",
       "      <td>316.41</td>\n",
       "      <td>1327.24</td>\n",
       "    </tr>\n",
       "    <tr>\n",
       "      <th>2</th>\n",
       "      <td>1497.61</td>\n",
       "      <td>999.25</td>\n",
       "      <td>0.00</td>\n",
       "      <td>651.62</td>\n",
       "      <td>1293.40</td>\n",
       "      <td>689.06</td>\n",
       "      <td>354.03</td>\n",
       "    </tr>\n",
       "    <tr>\n",
       "      <th>3</th>\n",
       "      <td>1062.89</td>\n",
       "      <td>1372.59</td>\n",
       "      <td>651.62</td>\n",
       "      <td>0.00</td>\n",
       "      <td>1769.69</td>\n",
       "      <td>1131.52</td>\n",
       "      <td>766.67</td>\n",
       "    </tr>\n",
       "    <tr>\n",
       "      <th>4</th>\n",
       "      <td>1968.42</td>\n",
       "      <td>447.34</td>\n",
       "      <td>1293.40</td>\n",
       "      <td>1769.69</td>\n",
       "      <td>0.00</td>\n",
       "      <td>639.77</td>\n",
       "      <td>1571.54</td>\n",
       "    </tr>\n",
       "    <tr>\n",
       "      <th>5</th>\n",
       "      <td>1498.79</td>\n",
       "      <td>316.41</td>\n",
       "      <td>689.06</td>\n",
       "      <td>1131.52</td>\n",
       "      <td>639.77</td>\n",
       "      <td>0.00</td>\n",
       "      <td>1011.31</td>\n",
       "    </tr>\n",
       "    <tr>\n",
       "      <th>6</th>\n",
       "      <td>1757.54</td>\n",
       "      <td>1327.24</td>\n",
       "      <td>354.03</td>\n",
       "      <td>766.67</td>\n",
       "      <td>1571.54</td>\n",
       "      <td>1011.31</td>\n",
       "      <td>0.00</td>\n",
       "    </tr>\n",
       "  </tbody>\n",
       "</table>\n",
       "</div>"
      ],
      "text/plain": [
       "   Barcelona  Belgrade   Berlin  Brussels  Bucharest  Budapest  Copenhagen\n",
       "0       0.00   1528.13  1497.61   1062.89    1968.42   1498.79     1757.54\n",
       "1    1528.13      0.00   999.25   1372.59     447.34    316.41     1327.24\n",
       "2    1497.61    999.25     0.00    651.62    1293.40    689.06      354.03\n",
       "3    1062.89   1372.59   651.62      0.00    1769.69   1131.52      766.67\n",
       "4    1968.42    447.34  1293.40   1769.69       0.00    639.77     1571.54\n",
       "5    1498.79    316.41   689.06   1131.52     639.77      0.00     1011.31\n",
       "6    1757.54   1327.24   354.03    766.67    1571.54   1011.31        0.00"
      ]
     },
     "metadata": {},
     "output_type": "display_data"
    },
    {
     "name": "stdout",
     "output_type": "stream",
     "text": [
      "route:  Berlin -> Copenhagen -> Brussels -> Barcelona -> Belgrade -> Bucharest -> Budapest -> Berlin\n",
      "results from exhaustive with size 7 = 5487.890000, took 3.676843 seconds\n"
     ]
    }
   ],
   "source": [
    "# Implement the algorithm here\n",
    "import pandas as pd\n",
    "import numpy as np\n",
    "import itertools\n",
    "import timeit\n",
    "import time\n",
    "from IPython.display import display\n",
    "\n",
    "\"\"\"\n",
    "This function translates a route of indexes into a string representing the route.\n",
    "\"\"\"\n",
    "def cityNames(data,route):\n",
    "    path = \"\"\n",
    "    for city in route:\n",
    "        if len(path) is not 0:\n",
    "            path = path + \" -> \"\n",
    "        name = data.columns[city]\n",
    "        path = path + name\n",
    "        #print(city,\"is \",name)\n",
    "    \n",
    "    path = path + \" -> \" + data.columns[route[0]]\n",
    "    return path\n",
    "\n",
    "\"\"\"\n",
    "This function retrieves the data of the given size from the dataset european_cities.csv.\n",
    "Input:\n",
    "    size: Size of desired dataframe\n",
    "Returns:\n",
    "    Dataframe with the requested information\n",
    "\"\"\"\n",
    "def get_data(size=None):\n",
    "    l = np.arange(0,size,1) if size is not None else None\n",
    "    return pd.read_csv(\"european_cities.csv\",sep=\";\", usecols=l,nrows=size)\n",
    "\n",
    "\n",
    "\"\"\"\n",
    "This function calculates the total distance of the tour.\n",
    "Input:\n",
    "    data: the dataframe containing the information about the cities\n",
    "    tour: The route to be calculated\n",
    "Returns:\n",
    "    float: length of the route\n",
    "\"\"\"\n",
    "def calculate_tour(data,tour):\n",
    "    \n",
    "    length = 0\n",
    "    firstCity = tour[0]\n",
    "    currentCity = tour[0] #start at first city\n",
    "    for city in tour[1::]:\n",
    "        length = length + data.iloc[currentCity][city]\n",
    "        currentCity=city\n",
    "        #print(\"calc...\",tour,\"=\",length)\n",
    "    \n",
    "    length = length + data.iloc[currentCity][firstCity]\n",
    "    \n",
    "    return length\n",
    "\n",
    "\"\"\"\n",
    "This function performs an exhaustive search\n",
    "Input:\n",
    "    data: the dataframe containing information about the citites\n",
    "    size: number of cities\n",
    "Returns:\n",
    "    route: the shortest route found\n",
    "    length: length of the route\n",
    "\"\"\"\n",
    "def exhaustive(data, size):\n",
    "    nums = np.arange(0,size)\n",
    "    perms = list(itertools.permutations(nums,size))\n",
    "    \n",
    "    \"\"\"\n",
    "    #pointless to check for all starts, we start in barcelona\n",
    "    for i in range(len(perms)):\n",
    "        perm = list(perms[i])\n",
    "        perm.insert(0,0)\n",
    "        perms[i]=tuple(perm)\n",
    "    \"\"\"\n",
    "    \n",
    "    #information about shortest route\n",
    "    route = -1\n",
    "    length = -1\n",
    "    \n",
    "    count = 0\n",
    "    for perm in perms:\n",
    "        if count % 100 == 0:\n",
    "           print(\"progress: %d%%\" % int((count/len(perms))*100), end=\"\\r\")\n",
    "        \n",
    "        tourLength = calculate_tour(data,perm)\n",
    "        if tourLength<length or route == -1:\n",
    "            length=tourLength\n",
    "            route=perm\n",
    "        \n",
    "        count=count+1\n",
    "    \n",
    "    return (route,length)\n",
    "\n",
    "\"\"\"\n",
    "This function tests the exhaustive search\n",
    "Input:\n",
    "    iterations: Hov many time the exhaustive search should be performed\n",
    "    maxsize: max number of cities to be used in the exhaustive search. Will increase from 5 to maxsize.\n",
    "\"\"\"\n",
    "def test_exhaustive(iterations = 3, maxsize = 7):\n",
    "    \n",
    "    for size in range(5,maxsize+1):\n",
    "        print(\"-----------\\nrunning exhaustive search for size = \",size)\n",
    "        data = get_data(size)\n",
    "        display(data)\n",
    "        \n",
    "        start = time.time()\n",
    "        \n",
    "        results = exhaustive(data,size)\n",
    "        \n",
    "        end = time.time()\n",
    "        \n",
    "        \n",
    "        print(\"route: \",cityNames(data,results[0]))\n",
    "        \n",
    "        print(\"results from exhaustive with size %d = %f, took %f seconds\" % (size,results[1],end-start))\n",
    "        \n",
    "        #time = timeit.timeit(lambda: exhaustive(data,size),number=iterations)\n",
    "        \n",
    "        #print(\"average time for size = %d (%d attempts) is  %f seconds\" % (size,iterations,time/iterations))\n",
    "            \n",
    "\n",
    "\n",
    "test_exhaustive()"
   ]
  },
  {
   "cell_type": "markdown",
   "metadata": {},
   "source": [
    "What is the shortest tour (i.e., the actual sequence of cities, and its length) among the first 10 cities (that is,\n",
    "the cities starting with B,C,D,H and I)? How long did your program take to find it? Calculate an approximation of how long it would take to perform exhaustive search on all 24 cities?"
   ]
  },
  {
   "cell_type": "markdown",
   "metadata": {},
   "source": [
    "# Answer\n",
    "The Shortest tour among the first 10 cities: \n",
    "Copenhagen -> Hamburg -> Brussels -> Dublin -> Barcelona -> Belgrade -> Istanbul -> Bucharest -> Budapest -> Berlin -> Copenhagen\n",
    "\n",
    "Length of rout: 7486.310000\n",
    "Time for completion for 10 cities: 3778.312231 seconds\n",
    "\n",
    "The current timings:\n",
    "\n",
    "| Cities | Time        |\n",
    "|--------|-------------|\n",
    "| 6      | 0.427553    |\n",
    "| 7      | 3.459346    |\n",
    "| 8      | 33.266255   |\n",
    "| 9      | 365.093019  |\n",
    "| 10     | 3778.312231 |\n",
    "\n",
    "I am not 100% sure about a good way to calculate an approximation.\n",
    "\n",
    "\n",
    "\n",
    "\n",
    "## Notes:\n",
    "This could probably be improved by only choosing routes starting in one city. This would yield the same results but reduce the amount of permutations. Since Barcelona,London,Paris is the same as London -> Paris -> Barcenlona\n",
    "\n"
   ]
  },
  {
   "attachments": {
    "tspexhaustive.png": {
